H. 445. 540.
H. 479. 467.
H. 590. 454.

H. 416. 560.

H. 454. 416.
H. 467. 496.

H. 474. 496.
Θ.

Θ. 45. 540.
Θ. 146. 467.
Θ. 155. 470.

Θ. 159. 466.

Θ. 165. 568.
Θ. 109. 478

e. 415. 47οῘ 272.

Θ. 448. 487.
Θ. 517. 466.
Θ. 546. 466.
Θ. 576. 466.

Θ. 404. 466. 464.

Θ. 406. 504.
Θ. 416. 464.
Θ. 440. 554.
Θ. 445. 467.
Θ. 448. 466.
Θ. 448. 479.

Θ. 466. 480.
Θ. 646. 486.

Ι.

1. 75. 488.
1. 148. 488.
1. 146. 440.
1. 191. 560.
1. 405. 454.
Ι. 444. 454.
1. 444. 406.
1. 470. 488.
1. 488. 440.
1. 579. 580.
1. 597. 540.
1. 414. 540.
1. 454. 549.

609

1. 464. 455..
1. 648. 560.

1. 688-695. 455.

1. 784. 466.
Κ.

Κ. 59. 470.
Κ. 61. 544.
Κ. 106. 574.
Κ. 145. 560. ’
Κ. 440. 468.
Κ. 464. 468.
Κ. 474. 468.
Κ. 566. 468.
Κ. 444. 544.
Κ. 454. 464.
Κ. 495. 561.
Κ. 646. 479.
Κ. 646. 466.

A. 550. 501.
Λ. 576. 466.
A. 415. 466.
A. 470. 470.
A. 608. 468.
A. 649. 540.
Λ. 741. 500.
Λ. 761. 467.
A. 766. 479.
A. 767. 466.
Λ. 784. 469. 479.

Μ.
Μ. 58474.

 

