M. 49. 677.
M. 261. 666.
M. 566. 667.
Μ. 415. 668.

N.

N. 47. 669.
Ν. 116. 506.
Ν. 165. 670.

N. 664. 668.
Ν. 650. 595.
Ν. 660. 581.
Ν. 688. 565.

Ν. 516. 509. 418.

Ν. 566. 500.
Ν. 566. 640.
Ν. 578. 641.
Ν. 408. 671.
Ν. 499. 506.
Ν. 664. 676.
Ν 668. 678.
Ν. 675. 667.
Ν. 685. 666.
Ν. 664. 668

610

Ξ, 610. 401.
0.

0. 4. 668.
O. 56. 506.

,0. 49. 554.

Ο. 69. 574.
Ο. 116. 595.

0119668. ·
Ν. 204. 675. 677. 0. 165. 667. 668.

0. 140. 669.
0. 166. 668.
O. 160. 664.
Ο. 176. 666.
Ο. 664. 595.
Ο. 564. 694.
Ο. 457. 666.
0. 464. 666.
0. 470. 661.
0. 666. 670.
Ο. 678. 580. ,
O. 680. 566.

17.
Π. 86. 655.

N. 669. 261] 559. n. 178. 240.

N. 746. 670.

Ξ.

Ξ. 1. 655. 656.

Ξ. 44. 670.
Ξ. 116. 607.
Ξ. 198. 595.
Ξ. 199. 568.
Ξ. 619. 595.
Ξ. 656. 687.
Ξ. 641. 691.
Ξ. 671. 595.
Ξ. 517. 657.
Ξ. 540. 667.
Ξ. 587. 668.
Ξ. 470. 418.
Ξ. 481. 550.
Ξ. 489. 697.

Π. 190. 641.
Π. 606. 666.
Π. 565. 695.
Π. 570. 418.
[Ι. 666. 674.
11. 646. 666.
ss. 645. 560.
Π. 667. 654.
17. 714. 271.
Π. 736. 667.
Π. 747. 654.
Π. 850. 569.
Π. 849. 656.

P.

P. 68. 668.
P. 66. 666.
P. 615. 689.

 

