A. 695. 668.
A. 550. 666.
A. 544. 500.
A 501. 661.
A. 404. 001.
A. 406. 668.
A. 409. 071.
A. 410. 007.
A. 409. 666.
A. 616. 668.
A. 650. 678.
A. 668. 668.
A. 074. 009.

Β.

Β. 11. 664.
Β. 68. 664.
Β. 69. 411.
Β. 58. 500.
Β. 66. 664.
Β. 111. 410.

5. 015. 501.
’ Ι0. 010. 505.
5. 004. 519.
5. 094. 070.
5. 510. 070.
5. 409 500.
5. 400. 005.
0. 510. 500.

Β. 676. 697.

Β. 668. 697.
Β. 748. 580.

Β. 794. 560.

Γ.

Γ. 116. 568.
Γ. 170. 668.
Γ. 607. 401.
Γ. 561. 404.
Γ. 566. 568.
Γ. 575. 401.
Γ. 418. 668.
Γ. 466. 667.

A.

A. 5. 696.

A. 88. 654.
A. 567. 697.
A. 540. 051.
A. 455. 415.
A. 485. 406.
A. 688. 678.

5.

E. 64. 501. 505.

5. 70. 071.
5. 190. 501.
5. 005, 070.
5. 070050.
5. 079. 540.
5. 500. 501.
5. 500. 415.
5. 410. 595.
5. 410. 509.
5. 401. 557.
5. 497. 077.
5. 409. 550.
5. 574, 000.
5. 705. 415.
5. 700. 070. 075.
5. 707. 007.
5. 791. 090.
5. 910. 009.

Z.

z. 7οο. 070.
z. 159. 007.
z. 170. 000.
z. 004. 505.
z. 004. 550.
z. 501 501.
z. 500. 550.

H.

H. 110. 416.
Η. 117. 670.
H. 658. 691.

 

